doc/data/sidbury/su2150_DSM_2M.asc
ncols 500
nrows 500
xllcorner    421000
yllcorner    150000
cellsize     2
NODATA_value -9999
[rows 30 to 59 of 500, columns 335 to 401 of 500]
167.48 167.317 167.271 167.392 167.09 167.345 167.483 168.153 168.118 167.412 167.61 167.688 167.847 167.855 167.865 167.829 167.804 167.644 167.657 167.827 167.981 167.784 168.257 169.349 167.636 167.004 167.209 167.255 167.105 167.004 167.149 167.085 167.1 167.229 167.271 167.258 167.254 167.159 167.093 166.828 166.666 166.959 167.265 167.144 167.192 167.222 167.051 166.879 166.846 167.15 167.123 167.087 166.923 166.965 166.957 167.071 166.76 166.664 166.778 166.838 166.716 166.614 166.728 166.547 166.451 166.182 166.092
167.819 167.791 167.746 167.901 168.12 168.099 168.096 168.249 168.223 167.988 167.933 167.975 168.038 168.106 168.048 168.04 167.982 168.016 168.02 167.963 167.865 167.905 168.031 167.917 167.655 167.394 167.463 167.503 167.365 167.573 167.554 167.569 167.644 168.372 167.95 167.654 167.764 168.169 167.845 167.64 167.285 167.289 167.474 167.733 168.297 168.569 167.665 167.339 167.161 167.406 167.493 167.539 167.5 167.331 167.743 168.651 167.857 168.205 168.678 168.987 169.446 169.661 169.23 167.617 167.482 167.121 166.465
168.398 168.224 168.162 168.379 168.367 168.302 168.292 168.304 168.264 168.334 168.201 168.393 168.272 168.339 168.151 168.207 168.135 168.205 168.14 168.081 167.977 167.958 167.869 167.827 167.736 167.767 167.913 167.9 167.947 168.167 168.645 168.153 168.044 168.063 168.017 168.076 168.21 168.795 168.649 168.261 168.078 167.636 167.486 167.811 168.222 168.468 168.1 167.666 167.512 167.724 168.04 169.477 170.653 169.432 169.706 169.249 168.581 168.1 168.884 169.65 170.607 173.104 173.409 172.781 171.577 168.75 167.547
168.572 168.486 168.325 168.612 168.522 168.534 168.463 168.488 168.319 168.466 168.359 168.514 168.28 168.258 168.112 168.163 168.103 168.19 168.357 168.402 168.307 168.28 168.389 168.28 168.229 168.127 168.203 168.249 168.236 169.171 169.36 168.597 168.48 168.553 169.36 170.081 169.237 168.796 168.832 168.624 168.502 168.305 167.715 167.833 168.067 168.362 168.475 168.191 167.943 168.001 168.484 171.094 172.441 171.991 171.494 169.79 168.743 168.421 168.704 168.832 170.522 172.847 173.775 174.101 172.871 171.385 168.656
168.552 168.6 168.503 168.605 168.529 168.434 168.391 168.389 168.259 168.381 168.324 168.401 168.368 168.418 168.301 168.441 168.288 168.315 168.343 168.534 168.628 168.674 168.851 168.835 168.859 168.732 168.748 168.942 169.635 170.317 169.426 168.978 169.153 170.437 171.679 171.263 169.508 169.191 169.123 169.165 169.123 169.019 168.792 168.409 168.316 168.492 168.779 168.463 168.159 168.223 168.742 171.118 172.965 172.899 172.743 170.612 170.414 170.278 169.567 168.836 169.803 172.482 172.686 173.919 173.388 171.857 170.541
168.578 168.618 168.551 168.556 168.56 168.604 168.682 168.629 168.562 168.648 168.686 168.676 168.539 168.572 168.431 168.418 168.43 168.447 168.384 168.529 168.696 168.846 169.38 169.431 169.404 169.24 169.152 169.725 171.17 170.79 169.733 169.622 169.814 170.818 171.454 171.386 169.856 169.523 169.473 169.401 169.335 169.285 169.246 169.299 168.554 168.671 168.717 168.94 168.804 168.898 170.558 172.129 172.755 172.793 173.699 173.105 173.898 170.791 169.924 169.595 169.435 169.974 170.382 172.503 172.671 172.505 171.931
168.792 168.819 168.733 168.787 168.711 168.723 168.709 168.748 168.803 168.734 168.878 169.791 169.041 169.047 169.151 169.215 169.236 169.189 168.764 168.979 169.042 169.34 169.9 170.569 170.435 170.298 169.892 170.179 170.876 170.572 170.055 170.031 170.02 170.444 170.635 170.391 170.457 170.319 170.137 170.203 170 169.919 169.937 169.849 169.324 168.935 168.974 169.157 169.159 168.876 169.897 170.575 170.027 170.152 172.901 174.9 175.025 172.582 170.169 169.759 169.685 169.592 169.787 170.351 171.347 172.265 172.213
168.79 168.74 168.696 168.865 169.025 169.094 169.072 169.237 169.247 169.372 169.65 169.744 169.685 170.125 169.628 169.759 169.899 169.99 170.075 169.959 170.309 170.162 170.371 170.762 170.836 170.459 170.314 170.476 170.901 170.986 170.969 171.005 171.032 170.92 170.92 170.853 170.724 170.512 170.388 170.488 170.307 170.332 170.279 170.305 170.213 169.75 169.773 169.796 169.33 169.342 170.399 170.789 170.082 170.867 174.412 175.33 175.275 173.951 171.241 169.932 169.796 169.87 169.937 170.054 170.279 170.506 171.357
169.308 169.388 169.39 169.225 169.721 169.595 169.554 169.545 169.828 170.099 170.271 170.425 170.443 170.735 170.978 173.434 173.374 172.953 171.548 171.174 170.949 170.895 171.071 171.619 171.865 171.545 171.211 171.35 171.739 171.85 171.581 171.426 171.468 171.328 171.358 171.394 171.345 171.305 171.249 171.212 171.124 170.954 170.818 170.758 170.763 170.607 171.008 171.027 169.813 169.579 169.878 171.381 174.737 176.074 176.347 175.397 174.383 172.79 170.577 169.969 169.834 170.004 170.021 170.146 170.085 170.052 170.465
169.702 169.898 169.944 170.311 171.162 172.402 172.358 171.868 171.486 172.619 173.483 171.331 171.06 171.847 174.335 179.302 178.924 178.852 174.869 174.61 171.691 171.657 171.795 172.003 172 171.766 171.619 171.704 171.984 172.131 172.147 172.078 172.084 171.874 171.86 171.849 171.872 171.919 172.095 171.927 171.707 171.746 171.522 171.363 171.179 171.034 171.461 171.705 170.577 169.907 169.917 170.938 175.613 177.089 176.506 174.883 172.599 170.667 170.266 170.11 170.097 170.146 170.142 170.174 170.136 170.045 170.068
170.667 170.825 171.176 174.141 175.88 178.055 177.869 175.819 174.156 177.611 178.257 175.566 172.597 175.608 176.027 175.119 178.813 179.478 177.751 177.093 174.343 175.584 174.478 173.556 172.699 172.575 172.449 172.483 172.31 172.335 172.356 172.331 172.323 172.186 172.132 172.059 172.077 172.01 172.035 171.932 171.947 171.794 171.632 171.472 171.321 171.352 171.257 171.143 170.906 170.266 170.346 171.749 173.896 176.163 175.838 174.484 171.352 170.418 170.312 170.248 170.249 170.266 170.262 170.255 170.191 170.129 170.084
171.355 172.006 174.067 179.062 179.399 180.593 179.995 176.732 173.955 176.865 178.589 178.34 177.445 176.076 178.436 178.663 179.301 176.603 178.369 180.702 180.928 181.263 178.409 175.032 173.15 172.947 172.861 172.825 172.725 172.664 172.549 172.651 172.586 172.554 172.437 172.339 172.22 172.073 172.008 171.912 171.825 171.724 171.731 171.633 171.641 171.519 171.45 171.358 171.235 170.878 170.383 170.589 172.874 175.873 175.373 173.665 171.977 170.664 170.59 170.51 170.394 170.34 170.335 170.302 170.245 170.181 170.139
173.151 175.766 176.158 178.601 179.776 179.822 178.333 178.281 175.853 178.662 179.922 180.134 179.819 181.145 180.837 180.393 179.452 174.936 176.613 180.172 180.935 181.39 180.365 178.37 174.215 173.95 173.817 173.809 173.656 173.505 173.374 173.38 173.431 173.245 173.155 172.855 172.688 172.539 172.634 172.305 172.199 172.031 171.914 171.686 171.754 171.557 171.487 171.365 171.271 171.122 170.879 170.628 171.24 172.406 173.151 172.231 171.153 170.695 170.678 170.577 170.5 170.457 170.411 170.371 170.323 170.266 170.193
173.21 174.764 174.718 177.972 179.671 180.792 176.314 180.544 179.792 178.694 180.258 179.239 180.542 180.748 180.912 180.55 180.223 180.188 175.288 176.492 181.827 182.001 181.323 179.853 176.29 174.683 174.524 174.504 174.595 174.664 174.478 174.481 174.345 174.187 173.918 173.674 173.419 173.059 173.24 172.973 172.965 172.541 172.599 172.191 172.496 172.126 171.932 171.631 171.434 171.296 171.122 170.948 170.814 170.811 170.908 170.908 170.829 170.796 170.698 170.618 170.55 170.518 170.456 170.425 170.392 170.304 170.204
174.351 176.59 175.643 179.124 180.681 178.985 175.452 179.006 180.079 178.465 176.681 177.263 176.605 175.956 181.155 179.007 182.37 182.083 179.509 181.327 182.657 182.951 182.662 179.766 177.525 176.158 180.089 177.979 176.809 175.416 176.023 175.774 174.927 174.684 174.672 174.677 174.439 174.417 174.309 174.063 173.918 173.676 173.481 173.134 172.839 172.413 172.458 172.189 172.078 171.736 171.477 171.423 171.223 171.04 170.97 170.897 170.828 170.793 170.697 170.63 170.607 170.562 170.524 170.488 170.446 170.331 170.214
177.873 181.33 181.189 180.457 180.048 180.062 182.702 177.497 179.814 178.785 178.783 177.386 179.858 182.296 181.971 182.841 183.944 184.314 183.125 183.82 183.005 182.828 183.837 180.487 177.754 180.325 183.237 181.726 179.942 176.622 180.645 178.37 177.077 175.864 175.29 175.056 175.072 175.2 174.626 174.322 174.356 174.153 174.098 173.892 173.679 173.439 173.367 173.128 172.791 172.433 172.213 172.077 171.718 171.23 171.002 170.894 170.856 170.852 170.793 170.725 170.646 170.615 170.558 170.507 170.464 170.387 170.346
181.856 181.649 182.403 179.171 179.421 183.078 181.904 179.931 180.707 181.882 182.367 181.997 181.887 182.433 183.925 186.199 185.581 184.985 184.953 184.645 180.046 180.158 179.894 181.747 177.479 179.35 183.015 180.666 182.037 178.533 183.292 182.208 183.186 178.098 177.891 177.334 178.123 180.631 176.469 175.231 175.358 174.985 174.821 175.293 174.084 174.019 173.634 173.424 173.288 172.919 172.947 172.794 172.569 172.545 172.948 171.831 170.918 170.865 170.789 170.736 170.638 170.66 170.567 170.523 170.459 170.424 170.395
182.018 181.066 182.781 180.042 179.425 182.686 183.378 181.343 181.576 182.82 183.91 184.305 179.013 179.941 181.056 183.023 181.477 183.676 183.459 180.359 180.002 178.812 179.184 179.295 178.133 181.019 185.239 183.552 184.754 180.015 184.46 184.716 185.096 181.937 182.079 182.013 181.349 180.266 178.137 178.374 178.642 179.043 177.978 179.678 179.436 177.392 174.402 173.968 173.714 173.567 173.324 172.978 172.853 173.87 174.338 172.56 171.088 170.845 170.808 170.823 170.793 170.736 170.649 170.546 170.482 170.454 170.379
179.737 176.799 182.3 178.086 177.407 180.776 180.24 179.29 178.004 180.001 180.562 181.896 180.538 179.407 180.252 180.297 180.767 183.392 181.883 184.636 183.313 183.04 181.524 180.355 180.146 182.075 185.7 183.061 183.713 182.992 182.652 185.473 184.152 178.803 181.835 183.401 182.412 177.652 177.473 180.466 183.556 182.809 181.441 183.211 182.67 180.563 175.033 174.278 174.169 174.336 174.436 174.146 173.406 173.641 173.316 172.426 171.609 171.029 170.844 170.878 170.844 170.804 170.715 170.604 170.519 170.509 170.438
183.898 181.167 179.143 178.748 178.644 179.531 181.501 180.289 179.539 179.619 179.214 179.669 183.209 184.734 182.755 182.218 180.957 182.88 185.152 184.302 184.838 185.921 184.484 183.489 179.36 180.519 183.348 180.585 183.945 184.998 185.143 185.213 184.488 180.832 181.445 181.459 182.814 179.862 181.873 180.934 183.706 183.164 182.168 183.306 181.549 179.743 177.276 175.253 178.768 178.839 179.652 177.419 176.207 174.484 173.075 172.838 172.232 171.478 170.912 170.949 170.91 170.849 170.756 170.681 170.595 170.536 170.425
185.99 181.726 179.252 179.047 179.189 179.75 183.215 185.021 183.751 182.351 180.809 180.141 182.31 184.336 182.283 181.34 181.472 181.742 182.826 182.477 185.532 185.434 183.819 183.065 180.047 183.48 184.337 182.982 184.478 183.207 181.795 184.815 183.515 180.132 181.481 178.923 179.819 182.531 180.27 181.678 181.551 181.415 181.593 181.028 180.592 177.884 176.025 176.261 178.878 182.418 181.273 181.689 180.809 180.308 176.645 174.569 172.795 171.751 171.356 171.013 170.914 170.895 170.825 170.748 170.677 170.569 170.495
183.016 183.001 181.211 180.171 180.191 181.623 183.62 184.717 184.133 184.237 183.458 181.753 184.089 182.964 180.754 180.928 181.516 181.738 182.381 185.353 186.787 185.977 183.53 181.575 181.566 184.522 181.231 180.956 181.138 181.877 183.279 185.241 182.497 182.184 181.953 178.471 178.871 182.798 182.701 180.926 182.479 180.763 181.825 182.255 180.121 178.42 180.88 177.844 181.07 182.801 179.842 180.546 182.047 182.042 180.121 176.466 173.374 172.705 172.128 171.319 171.026 170.937 170.859 170.784 170.722 170.635 170.572
181.472 182.717 183.312 182.979 182.935 183.429 182.684 182.956 183.237 185.189 185.716 184.49 184.579 183.43 182.282 182.575 185.333 183.537 186.657 185.902 186.822 186.356 182.541 182.033 182.475 183.952 181.535 186.511 182.56 188.163 185.561 187.605 180.089 179.811 183.864 182.147 180.484 183.933 184.279 183.424 184.197 182.065 181.907 184.456 181.134 178.429 180.244 181.427 180.099 181.272 176.771 179.009 178.902 182.25 181.465 176.666 173.83 173.391 172.815 171.605 171.385 170.993 170.906 170.87 170.793 170.698 170.67
185.503 183.404 184.758 185.303 183.733 183.446 182.808 183.264 183.935 184.768 185.742 185.448 186.364 188.062 185.46 184.543 186.724 186.85 186.756 185.14 184.356 187.173 186.127 181.809 185.551 183.377 182.133 181.913 181.761 186.361 184.084 188.081 183.967 183.859 184.223 184.937 183.047 185.904 185.83 184.041 182.767 181.593 181.421 182.434 178.218 179.926 181.852 181.558 181.56 180.901 176.567 176.525 180.076 181.196 181.429 178.739 175.931 174.227 173.391 172.483 171.947 171.174 170.92 170.855 170.816 170.738 170.706
186.373 185.952 184.863 184.821 183.601 184.331 184.883 184.908 184.105 185.115 185.682 185.834 187.333 187.917 187.895 185.069 185.161 187.356 186.477 186.451 186.082 184.864 188.273 186.613 187.484 184.042 183.197 181.375 181.675 187.716 189.181 188.368 187.937 188.499 184.278 184.255 185.347 183.179 184.243 181.958 181.544 180.617 181.876 178.667 177.731 180.142 179.029 178.212 178.743 178.727 176.944 177.645 179.453 179.6 179.122 179.41 180.525 176.098 173.927 173.438 172.842 171.452 170.971 170.917 170.863 170.832 170.729
185.212 183.188 183.521 184.463 184.307 187.167 188.832 186.645 186.087 186.653 186.698 187.656 186.768 185.863 188.842 186.842 186.146 188.482 186.806 188.657 187.907 185.205 189.134 189.066 188.921 183.163 186.083 182.012 184.552 187.565 187.868 183.699 186.21 186.561 182.947 183.396 183.472 184.062 185.508 185.822 180.832 178.682 185.014 183.575 182.13 180.807 180.229 179.59 177.222 179.043 178.47 178.829 179.583 179.804 179.177 181.447 179.95 175.432 174.303 174.025 173.37 172.537 171.599 171.026 170.881 170.814 170.749
186.827 184.128 185.637 184.126 186.406 188.844 189.432 187.217 187.592 188.64 188.253 187.645 187.305 185.832 186.154 184.651 186.292 186.989 184.497 186.472 186.381 184.379 186.248 189.478 189.894 188.591 189.596 187.827 188.136 188.171 186.63 184.396 187.076 184.728 186.045 185.169 181.382 180.183 183.114 183.484 181.835 181.45 185.318 182.681 180.054 183.793 185.679 184.101 179.979 181.776 179.175 178.886 177.491 178.757 181.179 181.355 177.596 175.238 174.519 174.273 174.038 173.035 172.354 171.305 170.998 170.845 170.804
187.048 184.335 185.084 186.792 187.945 189.432 187.813 188.338 189.495 187.204 190.652 191.234 187.103 184.472 185.491 187.05 188.693 189.338 184.362 184.067 185.472 185.978 185.821 188.586 190.839 187.274 187.291 186.578 189.592 189.052 184.539 184.824 187.177 185.764 185.771 184.891 184.849 181.586 183.085 181.337 180.326 183.194 183.844 179.6 181.598 185.422 186.433 185.008 182.972 180.387 179.91 179.208 177.918 179.31 181.259 180.559 178.633 175.501 174.731 174.397 174.367 173.587 172.939 172.138 171.209 170.961 170.873
188.139 186.124 185.178 187.925 186.783 190.994 189.997 188.458 187.787 191.446 190.746 191.812 190.448 186.03 187.827 190.484 186.471 185.99 188.026 188.444 185.976 185.924 184.181 188.52 186.855 187.491 188.35 189.007 189.498 188.339 188.036 188.596 188.366 183.463 184.322 185.502 187.907 187.819 187.804 185.019 180.775 184.746 182.23 182.854 181.458 183.747 186.333 184.746 181.017 182.072 183.292 181.085 179.952 184.186 181.692 180.398 178.002 175.514 175.031 174.7 174.493 174.532 173.649 172.669 171.906 171.12 170.935
189.284 187.605 184.762 187.59 188.786 192.184 191.568 191.354 191.301 191.98 190.73 188.389 185.982 188.039 190.422 193.054 190.588 188.852 186.865 189.569 188.818 190.58 185.195 189.295 186.719 189.506 189.558 187.792 185.009 185.255 188.119 189.474 189.557 184.721 186.669 185.658 189.033 188.432 188.123 186.208 185.662 186.926 184.735 185.118 185.168 184.305 186.344 185.549 180.708 180.722 184.485 182.566 183.818 183.925 180.897 178.903 177.361 175.671 175.539 175.295 179.134 178.301 174.644 173.441 172.518 171.805 171.046
