doc/data/sidbury/su2150_DSM_2M.asc
ncols 500
nrows 500
xllcorner    421000
yllcorner    150000
cellsize     2
NODATA_value -9999
[rows 420 to 449 of 500, columns 402 to 468 of 500]
185.847 185.321 185.025 184.558 184.24 183.853 183.533 183.29 182.833 182.571 182.204 181.916 181.451 181.237 180.804 180.568 180.265 179.934 179.952 181.417 182.887 184.182 184.906 184.163 181.3 178.589 177.788 177.948 177.535 177.329 177.184 176.948 176.683 176.514 176.278 176.123 175.927 175.739 175.516 175.334 175.152 174.887 174.741 174.608 174.549 174.306 174.206 174.079 173.996 173.962 173.857 173.691 173.724 173.818 173.797 173.673 173.672 173.696 173.79 173.835 173.803 173.802 173.731 173.708 173.798 173.797 173.743
185.659 185.189 184.816 184.431 184.072 183.781 183.458 183.122 182.737 182.477 182.015 181.751 181.325 180.996 180.63 180.404 180.174 180.061 179.643 181.528 183.41 183.496 183.88 183.312 181.248 178.362 177.804 178.219 177.616 177.18 176.983 176.718 176.527 176.297 176.175 176.004 175.85 175.66 175.411 175.202 175.037 174.85 174.667 174.515 174.39 174.205 174.121 174.033 173.956 173.909 173.845 173.687 173.688 173.704 173.636 173.522 173.541 173.569 173.624 173.656 173.679 173.647 173.587 173.538 173.574 173.617 173.553
185.456 185.011 184.628 184.319 183.978 183.704 183.368 183.102 182.565 182.298 181.936 181.601 181.116 180.753 180.387 180.799 181.335 181.421 181.563 182.816 183.738 181.946 182.014 181.218 180.875 178.379 177.535 177.443 177.218 177.006 176.777 176.572 176.343 176.173 176.007 175.871 175.639 175.549 175.344 175.045 174.957 174.793 174.651 174.455 174.3 174.115 174.016 173.927 173.835 173.806 173.85 173.883 173.802 173.73 173.51 173.36 173.421 173.438 173.452 173.489 173.552 173.581 173.5 173.424 173.405 173.405 173.367
185.376 185.077 184.659 184.211 183.875 183.65 183.313 183.015 182.615 182.18 181.722 181.399 180.982 180.554 180.35 181.791 182.777 183.141 183.558 183.769 183.117 181.882 181.079 179.198 178.871 177.854 177.492 177.24 177.048 176.889 176.651 176.371 176.205 176.017 175.923 175.79 175.573 175.383 175.223 175.049 174.95 174.767 174.565 174.419 174.208 174.035 173.942 173.844 173.72 173.688 173.823 173.943 173.886 173.78 173.508 173.193 173.18 173.214 173.215 173.305 173.441 173.536 173.462 173.422 173.257 173.209 173.202
185.444 186.249 184.921 184.207 183.85 183.584 183.247 183.003 182.557 182.148 181.67 181.216 180.738 180.255 180.271 182.298 183.446 184.092 184.719 184.71 184.433 181.532 180.325 178.343 177.855 177.484 177.339 177.05 176.917 176.725 176.515 176.335 176.069 175.919 175.74 175.651 175.437 175.254 175.085 174.942 174.843 174.708 174.522 174.289 174.115 173.992 173.897 173.759 173.642 173.572 173.732 173.873 173.84 173.694 173.368 173.067 173.036 172.987 173.026 173.003 173.141 173.187 173.304 173.177 173.099 173.051 173.052
185.897 187.964 185.841 184.098 183.721 183.431 183.139 182.809 182.539 182.031 181.625 181.042 180.526 180.039 179.953 182.18 183.961 184.174 184.389 185.492 183.867 182.69 180.226 178.063 177.67 177.405 177.217 177.013 176.791 176.622 176.375 176.173 175.955 175.8 175.658 175.534 175.346 175.21 175.048 174.92 174.748 174.623 174.44 174.288 174.046 173.918 173.782 173.668 173.487 173.472 173.615 173.706 173.7 173.532 173.273 172.997 173.04 172.994 172.913 172.854 172.795 172.884 172.913 172.893 172.95 172.962 172.923
185.728 186.809 186.046 184.685 183.766 183.324 183.061 182.74 182.349 181.922 181.427 180.921 180.414 179.758 179.655 179.885 182.039 183.455 183.773 182.569 182.424 180.076 179.222 177.975 177.582 177.336 177.12 176.969 176.699 176.501 176.262 176.105 175.875 175.752 175.572 175.442 175.228 175.1 174.916 174.788 174.614 174.522 174.387 174.156 173.966 173.826 173.724 173.58 173.457 173.442 173.589 173.585 173.551 173.262 172.974 172.808 172.85 172.91 172.89 172.85 172.713 172.715 172.763 172.741 172.716 172.78 172.772
186.382 187.489 186.871 186.199 183.939 183.224 182.938 182.718 182.758 182.008 182.156 181.96 180.499 179.839 179.768 179.898 179.999 182.491 182.22 182.52 181.9 180.86 178.388 177.706 177.434 177.22 176.99 176.852 176.56 176.377 176.148 175.965 175.792 175.655 175.467 175.319 175.106 174.986 174.825 174.631 174.447 174.351 174.267 174.067 173.833 173.738 173.646 173.571 173.502 173.352 173.328 173.266 173.272 173.075 172.948 172.715 172.752 172.786 172.818 172.704 172.576 172.635 172.671 172.642 172.58 172.56 172.624
186.672 187.656 186.758 184.737 183.8 183.154 182.804 183.105 184.425 183.826 183.632 183.04 180.524 180.369 182.088 182.515 182.018 181.951 181.369 181.869 180.365 178.954 178.127 177.554 177.292 177.053 176.769 176.649 176.44 176.281 176.067 175.898 175.7 175.561 175.374 175.204 175.036 174.889 174.732 174.512 174.357 174.222 174.131 173.919 173.734 173.653 173.596 173.504 173.423 173.212 173.152 173.02 173.011 173.334 173.031 172.586 172.527 172.524 172.605 172.557 172.503 172.606 172.583 172.467 172.469 172.494 172.508
185.936 186.425 185.206 183.777 183.364 183.206 183.429 183.398 185.523 185.951 183.818 182.253 180.359 181.725 183.248 183.814 184.231 183.396 182.03 180.244 178.282 177.878 177.537 177.337 177.096 176.903 176.602 176.448 176.316 176.188 176.037 175.831 175.7 175.466 175.317 175.127 174.975 174.84 174.648 174.468 174.314 174.146 174.025 173.813 173.678 173.553 173.492 173.321 173.229 173.045 172.949 172.823 172.833 172.825 172.74 172.466 172.434 172.411 172.432 172.356 172.335 172.337 172.345 172.339 172.305 172.333 172.429
184.679 184.313 184.061 183.519 183.142 183.181 184.053 184.622 186.655 186.912 186.949 185.541 183.156 182.809 183.066 183.69 184.227 184.009 183.031 179.133 177.899 177.492 177.298 177.055 176.933 176.688 176.492 176.329 176.238 176.045 175.926 175.774 175.53 175.365 175.172 175.042 174.884 174.735 174.584 174.411 174.276 174.078 173.953 173.76 173.647 173.517 173.452 173.293 173.156 172.96 172.855 172.675 172.663 172.64 172.507 172.336 172.406 172.478 172.359 172.314 172.247 172.211 172.192 172.142 172.128 172.137 172.325
184.736 184.024 183.668 183.395 182.817 183.054 183.12 185.281 187.797 189.253 191.139 190.783 191.302 186.036 181.41 183.174 183.822 183.715 183.633 179.166 177.565 177.298 177.135 176.928 176.778 176.613 176.401 176.224 176.09 175.938 175.774 175.605 175.45 175.261 175.097 174.945 174.792 174.638 174.489 174.343 174.182 173.992 173.873 173.726 173.568 173.446 173.377 173.28 173.093 172.94 172.821 172.611 172.579 172.552 172.414 172.34 172.345 172.332 172.24 172.165 172.173 172.164 172.114 172.096 171.989 172.025 172.08
185.128 184.079 183.65 183.623 182.837 183.499 184.982 188.268 192.375 193.2 195.052 194.452 192.796 188.219 184.014 183.331 182.932 181.48 180.592 178.12 177.527 177.168 176.981 176.805 176.685 176.555 176.362 176.132 175.968 175.791 175.647 175.534 175.332 175.179 174.932 174.828 174.637 174.513 174.36 174.263 174.072 173.884 173.788 173.63 173.496 173.363 173.266 173.16 173.005 172.884 172.793 172.667 172.486 172.423 172.25 172.305 172.189 172.113 172.16 172.168 172.048 171.999 172.03 172.012 171.987 171.943 171.913
186.334 184.361 184.995 185.618 184.405 184.494 186.687 192.278 194.758 195.558 195.93 195.185 193.654 189.163 185.454 183.947 182.82 179.13 178.399 177.714 177.424 177.097 176.876 176.661 176.559 176.477 176.223 176.068 175.887 175.728 175.533 175.465 175.178 175.084 174.91 174.783 174.583 174.418 174.277 174.143 173.993 173.824 173.724 173.622 173.404 173.288 173.105 173.044 172.918 172.897 172.733 172.544 172.422 172.289 172.273 172.338 172.19 172.135 172.144 172.1 172.021 171.881 171.912 171.88 171.782 171.779 171.785
186.353 185.748 186.615 187.172 187.753 187.73 191.133 194.369 196.261 197.19 195.958 195.398 193.767 188.746 186.6 184.101 181.386 178.255 177.71 177.472 177.298 177.034 176.814 176.601 176.427 176.321 176.089 175.942 175.772 175.608 175.37 175.273 175.026 174.976 174.921 174.751 174.514 174.382 174.24 174.075 173.876 173.769 173.66 173.554 173.429 173.189 173.062 172.927 172.854 172.75 172.601 172.446 172.307 172.224 172.203 172.401 172.159 172.213 171.962 171.905 171.88 171.806 171.823 171.746 171.67 171.666 171.668
185.524 186.596 188.639 188.398 190.173 191.698 192.59 195.063 197.112 197.761 197.027 196.095 193.734 190.148 186.973 183.19 180.456 178.116 177.581 177.395 177.204 176.999 176.737 176.511 176.298 176.171 175.98 175.845 175.676 175.552 175.322 175.188 175.017 174.898 174.754 174.648 174.45 174.289 174.113 173.915 173.784 173.672 173.575 173.495 173.365 173.154 173.025 172.84 172.724 172.648 172.524 172.379 172.297 172.235 172.085 171.98 171.91 171.918 171.753 171.694 171.67 171.648 171.654 171.594 171.66 171.64 171.615
185.722 192.622 196.172 191.39 192.297 193.209 193.678 194.947 197.379 198.151 197.065 196.091 193.237 189.203 184.485 182.262 180.2 177.999 177.52 177.461 177.265 176.947 176.642 176.357 176.205 176.039 175.889 175.752 175.577 175.443 175.297 175.164 174.999 174.835 174.646 174.556 174.394 174.237 174.074 173.905 173.773 173.623 173.52 173.519 173.452 173.116 172.967 172.732 172.651 172.539 172.471 172.369 172.256 172.097 171.942 171.83 171.768 171.683 171.634 171.61 171.619 171.577 171.509 171.43 171.533 171.554 171.56
193.108 197.665 198.677 198.131 194.805 192.21 193.478 196.378 197.007 196.218 195.302 193.314 191.813 186.24 180.673 182.411 183.588 178.806 178.267 178.724 177.759 177.149 176.739 177.023 176.477 176.197 175.842 175.635 175.453 175.292 175.168 175.133 175.115 174.868 174.636 174.529 174.436 174.243 174.101 174.017 173.911 173.62 173.491 173.426 173.39 173.054 172.897 172.695 172.612 172.509 172.47 172.385 172.177 171.931 171.861 171.775 171.662 171.521 171.557 171.612 171.621 171.615 171.424 171.366 171.454 171.455 171.32
202.004 201.966 202.758 201.46 197.61 192.055 192.253 193.185 195.344 195.26 192.789 190.913 189.067 185.556 179.775 182.959 186.948 183.806 182.128 181.235 180.679 178.31 178.601 180.229 179.015 177.652 176.079 175.723 175.743 175.564 175.153 174.99 175.073 174.945 174.609 174.476 174.427 174.234 174.069 174.004 173.797 173.533 173.399 173.253 173.165 173.014 172.858 172.685 172.58 172.457 172.38 172.346 172.123 171.952 171.775 171.712 171.568 171.481 171.568 171.571 171.535 171.456 171.26 171.244 171.315 171.313 171.173
203.983 203.693 203.834 203.586 200.539 192.077 192.831 193.097 193.489 193.979 192.336 190.283 188.555 184.486 180.94 185.949 189.72 186.525 184.517 183.896 183.421 182.392 182.236 182.217 181.292 179.817 177.805 176.845 177.571 177.593 175.875 174.847 174.822 174.873 174.606 174.338 174.261 173.997 173.965 173.832 173.564 173.418 173.276 173.216 173.113 172.969 172.73 172.616 172.493 172.376 172.243 172.059 171.959 171.817 171.662 171.548 171.512 171.492 171.564 171.639 171.421 171.308 171.142 171.148 171.138 171.16 171.084
204.649 203.775 202.576 203.646 200.257 194.892 194.299 193.843 190.032 191.802 190.581 189.271 185.18 184.431 184.133 186.844 189.447 187.026 185.407 184.977 184.658 183.819 183.801 185.429 184.356 184.187 180.61 179.711 179.628 180.099 178.074 175.343 174.935 174.728 174.434 174.298 174.194 174.008 173.904 173.815 173.482 173.384 173.276 173.216 173.105 172.775 172.623 172.498 172.397 172.238 172.102 171.953 171.864 171.786 171.601 171.518 171.454 171.459 171.364 171.295 171.274 171.222 171.219 171.127 171.06 171.01 170.914
205.615 198.558 199.868 201.982 198.86 195.079 195.206 194.529 186.184 186.132 184.369 185.827 183.242 184.382 185.666 186.24 186.588 186.426 186.003 186.006 185.503 184.579 184.88 188.11 189.477 190.553 185.854 180.992 181.523 181.373 180.174 178.919 177.8 175.521 174.508 174.194 174.071 173.924 173.822 173.586 173.457 173.443 173.325 173.107 172.931 172.811 172.568 172.474 172.274 172.13 171.946 171.835 171.892 171.824 171.651 171.527 171.359 171.307 171.267 171.246 171.186 171.115 171.015 170.973 170.871 170.819 170.742
206.776 205.254 201.974 200.296 195.583 195.31 196.845 197.836 193.062 190.169 187.902 189.263 184.026 184.876 186.207 185.53 184.888 186.566 187.576 187.897 187.345 184.762 186.014 190.368 191.604 193.09 187.628 184.175 182.925 182.354 181.344 180.713 180.683 178.703 174.749 174.058 173.991 173.875 173.682 173.516 173.709 173.44 173.048 172.909 172.776 172.635 172.512 172.543 172.367 172.049 171.865 171.799 171.931 171.79 171.59 171.46 171.318 171.237 171.245 171.258 171.071 170.943 170.928 170.838 170.763 170.675 170.64
207.467 203.164 201.09 196.713 195.264 197.262 199.775 197.55 193.455 192.361 192.283 190.79 188.382 187.588 187.652 185.236 185.409 186.718 188.592 188.678 187.696 185.359 186.574 188.648 190.466 193.195 186.119 179.61 182.176 181.962 180.854 181.227 181.771 180.943 177.123 174.371 173.819 173.764 173.783 173.649 173.445 173.134 172.865 172.761 172.668 172.563 172.435 172.584 172.566 172.064 171.832 171.702 171.66 171.522 171.424 171.324 171.325 171.268 171.183 171.11 170.97 170.881 170.845 170.711 170.537 170.532 170.552
205.357 200.918 190.612 194.294 193.411 197.751 197.789 196.55 193.704 192.014 191.904 191.469 191.749 191.024 189.389 184.342 184.429 183.187 186.059 187.375 187.144 186.355 187.365 186.164 188.905 191.44 186.2 183.168 183.327 182.296 177.962 180.019 182.391 182.086 180.798 177.499 173.939 173.634 173.842 173.642 173.19 172.982 172.816 172.713 172.613 172.508 172.488 172.752 172.614 172.099 171.892 171.729 171.578 171.432 171.332 171.29 171.331 171.276 171.088 170.966 170.879 170.83 170.716 170.551 170.48 170.479 170.482
202.076 200.118 196.889 193.926 193.816 194.078 194.519 195.087 193.795 192.252 191.361 192.312 192.855 192.478 190.493 187.717 186.904 185.74 186.031 185.424 181.605 184.728 184.464 181.133 187.554 190.155 184.912 184.935 184.685 183.665 181.217 182.119 182.517 182.213 181.824 179.177 174.503 173.839 173.451 173.37 173.084 172.977 172.909 172.748 172.659 172.514 172.46 172.677 172.65 172.171 172.012 171.753 171.587 171.405 171.291 171.101 171.107 171.05 170.936 170.744 170.74 170.698 170.574 170.438 170.447 170.389 170.463
195.515 195.751 195.945 194.596 193.955 194.455 195.695 196.209 196.318 194.279 193.846 194.007 192.095 191.181 184.172 185.642 188.088 188.976 184.886 180.245 182.963 186.825 187.246 185.429 187.439 187.523 179.933 181.9 184.214 185.218 186.387 185.094 182.422 181.573 181.485 180.523 178.256 176.158 173.677 173.312 173.112 173.051 172.926 172.688 172.541 172.545 172.544 172.429 172.462 171.954 171.819 171.582 171.5 171.402 171.28 171.03 170.953 170.8 170.741 170.689 170.623 170.572 170.528 170.413 170.286 170.222 170.331
195.921 194.896 194.238 193.438 192.139 194.908 196.439 199.425 201.074 198.337 197.541 194.867 189.71 185.917 182.811 183.036 188.231 189.073 188.952 185.929 187.894 188.439 187.747 187.057 187.552 186.197 183.842 184.163 184.889 186.232 188.274 185.231 180.614 177.551 181.491 181.504 180.78 178.131 176.093 173.827 173.228 173.089 172.909 172.619 172.401 172.41 172.272 172.062 172.045 171.799 171.633 171.43 171.436 171.498 171.38 171.149 170.971 170.772 170.644 170.57 170.579 170.568 170.539 170.475 170.204 170.166 170.171
196.925 195.495 194.009 193.36 193.371 194.047 195.095 199.9 202.469 200.948 198.163 194.985 191.679 187.606 184.922 183.407 187.777 187.841 187.985 188.012 188.355 186.757 187.385 187.311 187.391 186.89 185.69 185.876 185.825 186.045 185.456 183.454 176.782 178.718 181.588 181.842 181.334 179.305 174.904 173.687 173.041 172.962 172.818 172.533 172.372 172.199 172.079 171.905 171.782 171.649 171.516 171.388 171.336 171.309 171.292 171.305 170.987 170.793 170.608 170.494 170.628 170.659 170.547 170.452 170.221 170.136 170.149
197.585 195.99 194.026 194.251 194.806 193.757 193.239 198.753 201.821 199.542 196.605 193.519 193.388 192.694 190.275 190.599 189.347 189.178 182.938 184.715 183.9 185.704 186.569 187.138 187.844 187.237 186.936 187.528 187.262 187.087 183.469 183.657 181.951 183.334 183.221 182.385 181.905 180.364 177.294 175.156 173.322 172.827 172.641 172.513 172.372 172.221 172.077 171.854 171.709 171.58 171.495 171.391 171.21 171.015 171.014 170.983 170.867 170.692 170.566 170.511 170.639 170.693 170.346 170.344 170.081 170.003 170
