doc/data/sidbury/su2150_DSM_2M.asc
ncols 500
nrows 500
xllcorner    421000
yllcorner    150000
cellsize     2
NODATA_value -9999
[rows 270 to 299 of 500, columns 0 to 66 of 500]
169.819 169.936 169.973 170.056 170.103 170.204 170.262 170.335 170.402 170.492 170.538 170.61 170.655 170.752 170.802 170.854 170.906 170.991 171.044 171.146 171.204 171.279 171.315 171.359 171.37 171.395 171.469 171.54 171.574 171.57 171.568 171.6 171.618 171.622 171.621 171.679 171.674 171.641 171.65 171.658 171.624 171.582 171.527 171.476 171.43 171.447 171.438 171.409 171.361 171.315 171.33 171.275 171.228 171.171 170.975 170.805 170.641 170.504 170.355 170.201 170.067 169.911 169.825 169.769 169.738 169.672 169.655
169.784 169.87 169.883 169.973 170.029 170.135 170.223 170.275 170.347 170.435 170.5 170.547 170.603 170.71 170.755 170.821 170.894 170.956 171.015 171.125 171.148 171.181 171.29 171.303 171.302 171.361 171.455 171.492 171.529 171.545 171.557 171.52 171.547 171.622 171.584 171.563 171.583 171.576 171.59 171.581 171.569 171.59 171.507 171.449 171.431 171.492 171.432 171.367 171.291 171.226 171.207 171.168 171.128 171.08 170.935 170.823 170.614 170.381 170.259 170.178 170.044 169.888 169.795 169.718 169.642 169.555 169.457
169.747 169.796 169.833 169.897 169.959 170.03 170.098 170.198 170.294 170.341 170.409 170.476 170.591 170.686 170.739 170.784 170.877 170.927 170.975 171.033 171.099 171.148 171.204 171.229 171.253 171.336 171.38 171.403 171.446 171.461 171.474 171.461 171.458 171.498 171.488 171.488 171.503 171.527 171.543 171.514 171.492 171.507 171.481 171.427 171.398 171.415 171.367 171.234 171.187 171.098 171.086 171.073 171.02 170.973 170.864 170.822 170.709 170.404 170.276 170.133 169.959 169.823 169.708 169.619 169.544 169.398 169.297
169.614 169.704 169.817 169.872 169.926 169.987 170.057 170.185 170.248 170.285 170.351 170.448 170.541 170.597 170.777 170.808 170.843 170.882 170.926 171.014 171.105 171.115 171.152 171.154 171.247 171.331 171.322 171.321 171.372 171.381 171.354 171.358 171.382 171.415 171.435 171.436 171.449 171.458 171.467 171.402 171.436 171.425 171.417 171.359 171.369 171.35 171.306 171.24 171.186 171.146 171.121 171.106 171.046 170.966 170.914 170.811 170.623 170.45 170.291 170.126 169.957 169.814 169.676 169.527 169.467 169.335 169.249
169.542 169.65 169.714 169.803 169.876 169.939 170.047 170.114 170.196 170.242 170.342 170.415 170.509 170.583 170.715 170.759 170.785 170.827 170.889 170.945 171.011 171.01 171.06 171.049 171.192 171.269 171.235 171.228 171.341 171.333 171.287 171.316 171.356 171.347 171.383 171.366 171.352 171.319 171.333 171.246 171.283 171.279 171.277 171.207 171.262 171.225 171.219 171.195 171.196 171.202 171.149 171.095 171.004 170.932 170.902 170.734 170.541 170.424 170.269 170.087 169.952 169.814 169.617 169.445 169.364 169.286 169.267
169.495 169.549 169.639 169.724 169.816 169.925 170.05 170.107 170.175 170.242 170.318 170.376 170.466 170.552 170.637 170.703 170.73 170.769 170.825 170.879 170.912 170.94 170.998 171.029 171.061 171.125 171.121 171.127 171.22 171.25 171.268 171.303 171.292 171.31 171.328 171.304 171.295 171.309 171.284 171.215 171.219 171.211 171.228 171.21 171.218 171.213 171.161 171.158 171.139 171.117 171.095 171.029 170.948 170.886 170.805 170.613 170.475 170.351 170.214 170.078 169.871 169.756 169.579 169.43 169.284 169.252 169.184
169.466 169.54 169.644 169.719 169.772 169.924 169.996 170.099 170.165 170.28 170.291 170.373 170.446 170.528 170.569 170.626 170.689 170.763 170.795 170.844 170.871 170.918 170.952 170.924 170.942 171.014 171.054 171.088 171.146 171.2 171.239 171.23 171.24 171.282 171.276 171.268 171.275 171.303 171.287 171.291 171.281 171.282 171.27 171.231 171.214 171.164 171.108 171.108 171.097 171.044 171.026 170.983 170.921 170.814 170.713 170.605 170.461 170.273 170.083 169.965 169.722 169.623 169.515 169.334 169.187 169.096 169.068
169.439 169.571 169.66 169.75 169.839 169.909 169.983 170.062 170.169 170.224 170.265 170.343 170.459 170.475 170.507 170.6 170.682 170.741 170.788 170.809 170.828 170.858 170.857 170.866 170.886 170.964 170.991 171.032 171.062 171.111 171.16 171.171 171.174 171.249 171.233 171.214 171.235 171.254 171.259 171.278 171.303 171.263 171.218 171.184 171.138 171.076 171.022 171.049 171.025 170.973 170.942 170.911 170.857 170.769 170.646 170.545 170.4 170.186 170.03 169.835 169.69 169.499 169.388 169.257 169.121 168.972 168.931
169.45 169.523 169.638 169.718 169.782 169.789 169.879 169.991 170.102 170.167 170.22 170.292 170.39 170.426 170.538 170.583 170.651 170.689 170.755 170.774 170.766 170.786 170.843 170.86 170.89 170.954 170.978 171.008 171.03 171.06 171.119 171.158 171.149 171.193 171.218 171.219 171.239 171.235 171.234 171.24 171.286 171.246 171.19 171.143 171.088 171.003 170.97 170.95 170.956 170.908 170.87 170.839 170.789 170.708 170.637 170.504 170.373 170.138 169.981 169.815 169.646 169.466 169.293 169.17 168.974 168.824 168.794
169.37 169.467 169.569 169.673 169.711 169.767 169.877 169.966 170.029 170.089 170.169 170.267 170.344 170.441 170.51 170.566 170.563 170.654 170.702 170.749 170.744 170.754 170.797 170.842 170.854 170.887 170.958 170.985 170.987 170.994 171.074 171.133 171.12 171.127 171.166 171.203 171.224 171.197 171.17 171.147 171.155 171.161 171.099 171.071 170.991 170.971 170.956 170.944 170.926 170.84 170.791 170.772 170.729 170.649 170.567 170.476 170.327 170.083 169.89 169.743 169.62 169.417 169.258 169.062 168.927 168.804 168.713
169.282 169.356 169.479 169.56 169.643 169.761 169.814 169.905 169.966 170.024 170.078 170.234 170.308 170.411 170.455 170.51 170.556 170.608 170.644 170.692 170.699 170.729 170.771 170.818 170.79 170.851 170.92 170.953 170.969 171.001 171.039 171.076 171.077 171.057 171.098 171.094 171.099 171.083 171.086 171.075 171.072 171.068 171.046 171.005 170.957 170.951 170.949 170.895 170.866 170.793 170.769 170.726 170.651 170.588 170.497 170.395 170.241 170.009 169.837 169.665 169.545 169.356 169.191 169.015 168.909 168.755 168.663
169.252 169.338 169.481 169.544 169.642 169.741 169.787 169.882 169.992 170.073 170.138 170.234 170.33 170.39 170.419 170.491 170.52 170.544 170.561 170.589 170.654 170.68 170.725 170.768 170.797 170.885 170.908 170.93 170.947 170.991 171.028 171.042 171.022 171.009 171.037 171.042 170.981 171.025 171.051 171.047 171.035 171.029 171.016 170.999 170.952 170.923 170.864 170.828 170.766 170.743 170.697 170.655 170.606 170.516 170.398 170.307 170.122 169.97 169.811 169.643 169.484 169.284 169.162 168.964 168.826 168.674 168.553
169.249 169.362 169.501 169.559 169.635 169.743 169.84 169.935 170.016 170.111 170.164 170.229 170.317 170.372 170.372 170.414 170.446 170.495 170.517 170.603 170.641 170.633 170.668 170.771 170.788 170.807 170.848 170.918 170.931 170.944 171.009 171.029 170.986 170.99 170.997 171.003 170.986 171.006 171.005 171.014 171.001 170.989 170.984 170.975 170.928 170.889 170.79 170.737 170.751 170.742 170.664 170.588 170.471 170.44 170.348 170.244 170.069 169.942 169.779 169.606 169.411 169.248 169.042 168.899 168.743 168.606 168.463
169.243 169.359 169.472 169.561 169.641 169.739 169.82 169.921 169.984 170.065 170.149 170.204 170.278 170.303 170.311 170.375 170.426 170.473 170.521 170.622 170.619 170.595 170.65 170.714 170.724 170.751 170.778 170.874 170.911 170.926 170.955 170.921 170.93 170.919 170.936 170.974 170.948 170.889 170.916 170.96 170.96 170.943 170.926 170.902 170.862 170.835 170.742 170.692 170.727 170.742 170.641 170.551 170.472 170.431 170.337 170.241 170.044 169.897 169.729 169.583 169.359 169.202 168.972 168.832 168.69 168.528 168.364
169.32 169.403 169.482 169.566 169.637 169.706 169.816 169.87 169.94 170.02 170.113 170.173 170.214 170.252 170.312 170.367 170.419 170.453 170.493 170.523 170.54 170.579 170.639 170.632 170.644 170.684 170.73 170.799 170.846 170.846 170.84 170.877 170.904 170.875 170.869 170.908 170.874 170.809 170.838 170.892 170.891 170.89 170.841 170.821 170.78 170.767 170.712 170.662 170.651 170.627 170.572 170.498 170.461 170.417 170.324 170.248 170.045 169.885 169.734 169.55 169.348 169.168 168.983 168.767 168.649 168.501 168.341
169.367 169.404 169.469 169.548 169.614 169.675 169.757 169.825 169.906 169.939 170.077 170.124 170.194 170.213 170.306 170.367 170.415 170.435 170.443 170.466 170.487 170.53 170.575 170.567 170.556 170.608 170.625 170.704 170.78 170.778 170.774 170.813 170.826 170.83 170.825 170.826 170.766 170.758 170.771 170.781 170.812 170.773 170.767 170.776 170.759 170.726 170.686 170.64 170.592 170.558 170.478 170.454 170.439 170.379 170.301 170.158 170.029 169.834 169.693 169.486 169.292 169.142 168.959 168.804 168.688 168.517 168.302
169.294 169.324 169.413 169.554 169.614 169.676 169.778 169.836 169.937 170.017 170.091 170.155 170.215 170.284 170.326 170.371 170.409 170.428 170.455 170.456 170.469 170.482 170.508 170.508 170.524 170.547 170.599 170.647 170.734 170.737 170.748 170.736 170.762 170.75 170.734 170.719 170.691 170.7 170.702 170.691 170.705 170.7 170.706 170.733 170.748 170.707 170.673 170.616 170.559 170.491 170.435 170.442 170.425 170.3 170.214 170.121 169.975 169.842 169.633 169.463 169.261 169.032 168.885 168.746 168.624 168.347 168.171
169.217 169.298 169.395 169.528 169.615 169.703 169.802 169.874 169.928 170.009 170.08 170.137 170.208 170.245 170.299 170.328 170.37 170.391 170.413 170.429 170.44 170.437 170.46 170.462 170.5 170.525 170.577 170.618 170.673 170.687 170.659 170.673 170.66 170.672 170.643 170.639 170.633 170.616 170.633 170.646 170.66 170.651 170.657 170.644 170.663 170.624 170.613 170.588 170.54 170.481 170.434 170.401 170.325 170.241 170.098 170.044 169.942 169.743 169.541 169.388 169.207 168.992 168.742 168.63 168.438 168.286 168.064
169.227 169.322 169.401 169.533 169.602 169.709 169.763 169.822 169.893 169.987 170.05 170.14 170.179 170.226 170.232 170.263 170.297 170.334 170.357 170.372 170.404 170.436 170.441 170.459 170.48 170.491 170.563 170.526 170.583 170.657 170.657 170.671 170.639 170.65 170.608 170.604 170.584 170.554 170.519 170.57 170.556 170.586 170.591 170.579 170.576 170.571 170.527 170.495 170.479 170.421 170.386 170.319 170.256 170.152 170.034 169.94 169.839 169.7 169.53 169.403 169.135 168.977 168.736 168.552 168.382 168.25 168.046
169.228 169.341 169.384 169.477 169.547 169.689 169.744 169.852 169.889 169.969 170.041 170.13 170.15 170.142 170.183 170.204 170.261 170.287 170.318 170.32 170.331 170.377 170.399 170.416 170.43 170.447 170.471 170.481 170.488 170.569 170.593 170.594 170.58 170.586 170.575 170.576 170.566 170.538 170.511 170.542 170.52 170.507 170.525 170.539 170.528 170.507 170.479 170.446 170.429 170.358 170.304 170.237 170.164 170.088 169.978 169.903 169.761 169.667 169.513 169.342 169.123 168.94 168.72 168.554 168.308 168.188 168.025
169.192 169.22 169.27 169.406 169.539 169.726 169.811 169.898 169.932 169.964 170.031 170.094 170.135 170.146 170.19 170.219 170.252 170.27 170.314 170.314 170.3 170.291 170.35 170.372 170.396 170.425 170.448 170.448 170.461 170.523 170.566 170.535 170.543 170.565 170.536 170.547 170.51 170.493 170.458 170.478 170.448 170.466 170.474 170.475 170.467 170.445 170.427 170.428 170.36 170.283 170.256 170.228 170.116 170.034 169.921 169.832 169.732 169.653 169.475 169.323 169 168.858 168.654 168.511 168.25 168.125 167.922
169.069 169.103 169.199 169.39 169.595 169.717 169.844 169.899 169.952 169.988 170.026 170.067 170.103 170.095 170.133 170.197 170.228 170.244 170.314 170.324 170.336 170.315 170.336 170.347 170.364 170.403 170.416 170.408 170.442 170.469 170.45 170.474 170.513 170.496 170.468 170.454 170.441 170.441 170.448 170.415 170.404 170.435 170.428 170.437 170.395 170.362 170.341 170.33 170.284 170.215 170.181 170.174 170.051 169.925 169.849 169.767 169.647 169.548 169.401 169.234 168.971 168.797 168.568 168.464 168.124 168.018 167.83
169.072 169.11 169.291 169.44 169.594 169.721 169.813 169.937 169.968 170.003 170.018 170.049 170.09 170.111 170.126 170.182 170.239 170.266 170.328 170.324 170.321 170.304 170.309 170.304 170.326 170.346 170.324 170.354 170.412 170.419 170.427 170.421 170.429 170.432 170.412 170.395 170.381 170.377 170.373 170.372 170.375 170.37 170.341 170.314 170.288 170.221 170.211 170.228 170.179 170.071 170.055 170.018 169.947 169.828 169.757 169.705 169.594 169.477 169.319 169.196 168.952 168.742 168.47 168.289 168.056 167.848 167.696
169.167 169.278 169.371 169.496 169.583 169.707 169.806 169.891 169.955 169.974 170.006 170.052 170.112 170.157 170.154 170.226 170.236 170.265 170.28 170.289 170.277 170.278 170.29 170.292 170.274 170.298 170.279 170.296 170.362 170.375 170.375 170.37 170.344 170.363 170.399 170.371 170.342 170.335 170.309 170.328 170.321 170.283 170.248 170.253 170.227 170.157 170.127 170.121 170.094 170.011 169.98 169.965 169.891 169.81 169.68 169.587 169.513 169.402 169.267 169.142 168.968 168.701 168.423 168.165 167.932 167.785 167.613
169.187 169.315 169.346 169.471 169.586 169.677 169.734 169.851 169.913 169.926 169.984 170.109 170.114 170.105 170.124 170.149 170.194 170.211 170.234 170.226 170.25 170.257 170.281 170.301 170.278 170.287 170.229 170.21 170.314 170.312 170.324 170.327 170.314 170.333 170.381 170.364 170.374 170.329 170.316 170.281 170.243 170.215 170.21 170.221 170.172 170.104 170.037 170.055 170.005 169.945 169.883 169.863 169.804 169.735 169.653 169.485 169.434 169.37 169.188 169.055 168.839 168.671 168.384 168.153 167.901 167.73 167.55
169.252 169.258 169.279 169.463 169.56 169.661 169.717 169.786 169.857 169.878 169.96 170.047 170.077 170.084 170.093 170.092 170.124 170.163 170.202 170.233 170.209 170.205 170.222 170.24 170.233 170.216 170.214 170.219 170.228 170.253 170.308 170.317 170.287 170.278 170.302 170.294 170.272 170.237 170.215 170.18 170.147 170.158 170.182 170.172 170.101 170.024 169.932 169.941 169.936 169.868 169.808 169.738 169.725 169.667 169.536 169.446 169.368 169.349 169.141 168.868 168.747 168.547 168.33 168.001 167.828 167.627 167.445
169.176 169.26 169.324 169.498 169.587 169.665 169.729 169.802 169.862 169.911 169.964 170.049 170.079 170.088 170.093 170.067 170.091 170.145 170.151 170.163 170.158 170.141 170.176 170.205 170.2 170.199 170.206 170.201 170.181 170.203 170.283 170.265 170.244 170.189 170.215 170.194 170.167 170.11 170.115 170.103 170.087 170.118 170.126 170.099 170.059 170.009 169.95 169.897 169.897 169.836 169.776 169.698 169.647 169.57 169.478 169.364 169.278 169.203 169.086 168.859 168.673 168.499 168.269 168.004 167.762 167.521 167.383
169.14 169.3 169.415 169.523 169.606 169.683 169.733 169.807 169.858 169.947 170.009 170.051 170.098 170.121 170.114 170.089 170.093 170.087 170.102 170.093 170.129 170.142 170.172 170.183 170.164 170.168 170.17 170.19 170.18 170.168 170.187 170.19 170.16 170.131 170.114 170.122 170.098 170.084 170.081 170.043 170.079 170.109 170.027 170.017 169.963 169.941 169.894 169.865 169.89 169.789 169.745 169.666 169.587 169.493 169.418 169.341 169.222 169.112 168.962 168.828 168.612 168.353 168.164 167.853 167.668 167.438 167.28
169.165 169.293 169.4 169.497 169.569 169.669 169.752 169.823 169.885 169.945 169.995 170.036 170.078 170.127 170.086 170.103 170.109 170.115 170.146 170.111 170.133 170.163 170.147 170.121 170.097 170.08 170.093 170.142 170.161 170.153 170.154 170.126 170.105 170.083 170.064 170.075 170.064 170.06 170.021 169.97 170.007 170.02 169.978 169.928 169.897 169.838 169.794 169.723 169.703 169.661 169.621 169.627 169.56 169.476 169.414 169.295 169.197 169.016 168.893 168.706 168.558 168.283 168.068 167.809 167.633 167.383 167.201
169.105 169.253 169.362 169.466 169.547 169.674 169.77 169.844 169.905 169.935 169.985 170.033 170.076 170.05 170.019 170.09 170.106 170.097 170.111 170.093 170.118 170.106 170.116 170.086 170.047 170.007 170.064 170.131 170.135 170.118 170.102 170.073 170.055 170.072 170.058 170.026 169.992 170.007 169.996 169.922 169.913 169.911 169.887 169.865 169.837 169.795 169.699 169.648 169.563 169.542 169.506 169.523 169.543 169.46 169.342 169.23 169.134 168.97 168.834 168.613 168.483 168.25 168.004 167.732 167.593 167.294 167.115
