doc/data/sidbury/su2150_DSM_2M.asc
ncols 500
nrows 500
xllcorner    421000
yllcorner    150000
cellsize     2
NODATA_value -9999
[rows 270 to 299 of 500, columns 134 to 200 of 500]
174.357 174.613 174.819 174.996 175.409 177.306 179.307 182.675 183.805 182.554 184.359 184.476 184.02 184.869 187.055 188.606 189.648 189.216 189.123 190.01 189.782 190.346 191.176 190.944 191.664 191.298 190.509 191.63 194.105 195.072 195.644 196.866 196.708 197.655 198.644 197.672 198.801 199.296 198.971 196.356 193.848 193.706 196.271 198.383 198.056 200.066 202.983 204.698 202.031 199.079 199.773 203.167 205.835 204.874 202.567 203.982 204.085 205.483 204.244 205.931 205.004 204.776 204.996 205.223 205.495 206.292 207.755
174.44 174.483 174.742 174.895 175.171 175.679 176.987 180.889 182.601 181.702 180.946 183.013 183.202 183.479 186.265 188.437 188.504 188.594 189.363 189.982 189.862 190.549 191.496 187.371 190.925 191.597 191.163 191.814 193.173 193.683 194.633 195.323 195.524 196.892 198.574 198.555 199.355 199.863 199.689 194.897 194.289 194.621 195.056 195.842 196.745 197.141 199.277 198.916 199.047 198.98 199.783 202.543 204.7 203.615 202.933 206.253 205.094 204.282 207.464 208.255 207.308 206.59 205.134 205.383 206.173 207.477 207.747
174.505 174.567 174.799 174.855 175.132 175.285 175.863 175.996 176.734 176.759 177.016 178.544 180.647 181.772 183.856 187.854 187.566 188.036 188.237 189.294 189.411 190.584 191.368 189.722 192.074 193.633 193.008 193.564 194.088 193.174 194.24 195.286 195.598 197.069 197.61 197.328 197.88 199.22 197.81 194.901 199.194 197.484 196.663 197.804 198.58 196.814 197.297 197.878 198.741 199.249 199.777 200.476 203.977 205.837 205.956 207.614 205.224 204.819 207.551 208.102 207.569 205.533 205.045 205.861 207.715 208.694 208.4
174.382 174.625 174.825 174.991 175.245 175.364 175.632 175.826 176.124 176.267 176.575 176.828 178.396 178.441 180.585 183.844 182.468 185.322 186.853 187.926 188.575 190.16 191.391 188.595 192.539 193.602 193.329 193.586 194.721 195.112 195.045 195.787 195.783 197.026 197.19 196.783 197.368 198.29 195.254 196.594 199.726 198.13 196.482 199.316 199.641 197.414 197.399 198.009 200.158 201.456 200.081 200.339 205.275 207.536 206.107 204.822 204.832 204.703 207.127 208.006 206.627 204.926 204.956 205.567 206.38 207.914 208.199
174.385 174.584 174.805 174.945 175.173 175.383 175.561 175.771 176.138 176.38 176.701 176.887 177.343 177.522 177.955 178.517 180.228 183.112 185.926 185.994 187.076 188.468 190.311 190.594 192.01 191.824 191.77 192.944 194.992 195.9 195.866 196.852 196.334 197.954 198.061 198.238 197.845 197.723 194.611 193.876 195.784 198.012 198.896 200.067 200.115 197.361 197.495 197.997 200.193 200.95 199.918 200.539 203.312 205.719 204.405 204.023 203.251 206.704 207.954 204.999 205.237 204.839 205.02 205.297 206.051 206.678 207.724
174.317 174.51 174.763 174.9 175.133 175.335 175.497 175.884 176.103 176.434 176.706 176.961 177.294 177.544 177.885 178.182 178.837 179.862 181.644 181.027 183.849 185.915 188.68 190.066 189.894 189.671 191.069 191.722 193.202 194.852 195.863 197.15 198.651 199.203 199.322 199.526 198.655 196.48 192.931 193.184 194.439 197.546 197.932 200.308 200.711 198.461 198.622 198.148 199.136 200.229 200.099 200.444 201.525 202.553 203.275 205.119 204.313 205.376 204.9 204.461 204.387 204.796 205.028 205.338 206.231 207.287 208.159
174.297 174.444 174.634 174.803 175.107 175.246 175.575 175.855 176.177 176.403 176.728 177.001 177.388 177.755 178.036 178.381 178.657 179.073 179.53 180.242 181.31 183.143 184.456 185.827 185.435 185.321 189.594 191.718 191.45 193.243 195.596 197.067 198.281 199.238 199.499 199.659 199.422 198.397 195.386 194.26 197.977 199.818 200.168 200.328 200.152 200.923 200.107 201.34 199.442 200.289 202.488 200.818 201 201.607 202.437 205.378 207.285 205.963 203.579 204.014 204.366 204.727 205.002 205.436 205.808 206.336 206.957
176.687 174.624 174.63 174.84 175.094 175.256 175.597 175.863 176.265 176.522 176.814 177.055 177.468 177.798 178.168 178.482 178.99 179.304 179.746 180.224 180.745 181.061 181.656 182.501 183.236 183.853 186.716 189.719 190.685 191.775 194.201 196.235 196.551 197.605 198.483 199.224 199.185 199.901 198.281 197.916 198.543 201.436 201.935 201.719 200.89 201.345 201.124 202.404 201.786 201.263 201.652 200.899 201.092 201.591 202.137 205.651 208.075 205.075 203.896 204.124 204.358 204.754 205.047 205.381 205.859 206.193 206.65
180.579 178.822 176.773 176.056 175.531 175.373 175.614 175.983 176.4 176.687 177.01 177.271 177.647 177.882 178.204 178.722 179.181 179.529 179.787 180.41 180.824 181.278 181.816 182.377 183.096 183.802 184.65 188.415 188.536 192.859 193.409 194.254 194.682 195.921 195.53 196.527 196.4 198.463 199.098 199.873 200.35 202.923 203.602 204.024 202.56 203.595 202.925 203.921 204.757 203.826 200.788 200.728 201.099 201.627 202.279 204.68 208.081 205.917 204.069 204.201 204.442 204.865 205.107 205.642 205.905 206.349 206.667
182.336 182.641 181.939 180.513 179.757 178.387 176.934 176.49 176.864 176.841 177.135 177.355 177.861 178.11 178.78 179.011 179.523 179.86 180.346 180.794 181.188 181.749 182.028 182.53 183.104 183.8 184.304 185.456 186.748 188.806 188.43 190.097 189.87 191.204 191.846 191.976 192.349 193.911 196.035 198.92 200.452 202.008 203.092 204.55 204.275 206.596 205.971 205.565 207.719 206.161 202.03 201.35 201.279 203.005 203.842 205.828 206.513 205.307 204.158 204.099 204.539 204.811 205.199 205.637 206.024 206.41 206.767
182.782 183.016 182.079 182.309 183.22 183.528 181.712 180.811 177.656 179.976 177.392 177.43 177.982 178.822 179.421 180.465 179.894 180.059 180.508 181.012 181.621 182.072 182.39 182.994 183.569 183.998 184.733 185.382 186.099 186.72 187.552 188.367 189.357 189.999 191.002 191.53 192.481 193.11 194.773 196.308 199.121 199.76 200.228 201.24 204.576 207.223 203.131 206.111 208.52 206.874 204.985 202.35 203.745 206.033 207.889 207.255 204.921 204.343 203.785 204.242 204.624 204.939 205.204 205.7 206.116 206.476 206.825
182.907 183.409 183.077 183.511 183.648 182.999 183.419 184.508 184.423 185.097 181.667 180.107 179.953 183.956 183.289 183.349 180.565 180.383 180.901 181.3 182.072 182.543 183.066 183.357 183.864 184.432 185.048 185.776 186.275 187.092 187.667 188.344 189.12 189.944 191.049 191.426 192.68 193.315 194.051 194.6 197.949 198.135 198.792 199.879 203.436 205.984 206.491 208.2 208.519 207.424 204.737 204.031 206.85 208.142 208.883 207.578 204.535 204.334 203.836 204.323 204.729 205 205.249 205.998 206.278 206.685 207.1
182.346 183.45 182.602 183.278 183.522 182.849 182.946 184.012 183.846 184.238 185.404 185.235 185.303 186.659 186.193 183.551 180.945 180.63 181.21 181.725 182.406 182.9 183.345 183.923 184.463 184.936 185.599 186.094 186.75 187.315 187.818 188.512 189.047 190.098 190.865 191.7 192.366 193.353 194.144 194.669 195.828 196.421 197.44 198.801 202.416 204.22 204.453 206.75 208.421 205.466 202.837 204.246 207.974 210.016 210.583 209.885 207.221 204.862 204.133 204.452 204.699 205.16 205.683 206.247 206.434 206.576 207.816
181.808 182.32 182.164 182.866 184.05 183.467 183.32 181.621 183.069 185.309 186.8 186.959 185.772 186.8 186.95 185.221 180.743 180.856 181.796 182.4 182.845 183.182 183.752 184.383 184.633 185.363 185.821 186.581 187.054 187.485 188.243 188.866 189.56 190.289 191.073 191.698 192.386 193.021 194.149 194.528 195.245 195.693 196.632 197.673 200.128 200.43 201.983 202.518 202.576 202.973 201.087 203.171 207.917 210.164 210.792 209.863 207.395 204.14 204.133 204.478 205.033 206.358 207.434 207.319 206.73 206.829 208.296
181.274 181.611 182.34 182.133 184.13 184.194 184.053 183.546 183.075 185.969 186.413 186.285 186.35 187.305 187.741 183.492 182.348 181.831 184.129 184.898 185.083 184.21 184.59 184.805 185.22 186.344 186.986 186.91 187.504 188.055 188.655 189.294 189.766 190.299 191.065 191.757 192.459 192.967 193.823 194.387 195.121 195.562 196.382 196.93 197.893 199.066 200.31 201.482 200.097 200.172 200.867 203.064 207.12 209.116 210.591 209.863 208.678 204.319 204.118 204.527 205.719 207.014 208.139 208.345 207.103 206.931 207.425
182.069 182.296 182.164 182.307 183.542 183.942 184.379 184.694 184.446 185.597 186.656 187.523 187.829 188.068 188.587 184.607 185.96 186.684 187.082 188.017 187.632 188.857 186.358 185.966 187.639 192.266 192.393 188.675 188.153 188.574 188.979 189.55 190.182 190.495 191.23 191.868 192.594 192.958 193.806 194.308 195.063 195.398 196.25 196.73 197.563 198.124 198.777 199.878 199.764 200.324 201.408 204.012 205.553 207.943 208.596 208.306 206.728 204.051 204.206 204.483 206.158 207.141 208.491 209.148 208.567 207.771 207.332
181.956 182.076 182.526 183.344 183.353 183.64 184.312 185.408 185.617 185.991 186.596 187.659 188.374 188.966 189.893 188.621 187.965 187.594 188.471 190.062 190.663 190.789 188.956 188.859 191.744 194.61 194.956 194.94 192.404 191.1 189.826 189.878 190.392 190.988 191.801 192.217 192.711 193.089 193.835 194.449 195.16 195.536 196.208 196.646 197.413 197.957 198.732 199.272 199.744 200.322 201.142 201.818 204.062 205.483 205.885 205.199 204.164 203.893 204.271 204.595 206.311 207.233 208.833 209.859 209.935 209.753 208.911
182.511 182.688 183.309 183.942 184.204 184.349 184.65 184.769 185.477 185.75 187.658 188.493 188.826 189.383 190.987 189.406 184.882 183.589 184.059 187.803 191.102 191.296 191.121 192.992 194.61 196.273 198.428 197.762 195.414 194.1 192.283 190.77 190.916 191.296 191.953 192.465 192.989 193.477 194.016 194.629 195.172 195.815 196.235 196.86 197.342 197.952 198.534 199.213 199.745 200.459 200.991 201.456 202.35 203.889 203.864 203.28 203.69 203.967 204.315 204.74 205.509 206.716 208.424 209.448 210.153 210.387 209.397
184.342 183.834 184.302 184.474 184.96 184.539 184.583 184.639 184.202 185.243 186.479 187.872 188.053 188.093 189.085 187.59 184.137 182.69 183.179 185.206 189.792 191.292 191.393 195.001 195.69 196.736 197.531 197.283 197.829 197.366 196.227 195.409 195.504 194.039 193.047 192.956 193.156 193.844 194.182 194.773 194.983 195.761 196.395 197.048 197.514 198.065 198.561 199.156 199.742 200.498 201.207 201.451 202.243 202.568 202.964 203.253 203.748 204.027 204.398 204.738 205.332 206.16 207.323 207.384 209.765 210.163 210.035
183.345 183.902 184.491 184.706 184.741 184.574 184.668 184.978 184.581 185.7 184.883 186.064 187.014 187.148 187.876 186.498 184.364 182.779 183.062 184.777 188.137 190.427 191.621 193.3 194.17 196.239 197.401 197.437 199.012 199.138 197.904 197.728 197.399 197.678 197.276 195.666 195.247 196.618 195.114 195.004 195.442 196.108 196.645 197.108 197.74 198.179 198.771 199.219 199.763 200.384 201.047 201.512 202.217 202.512 202.948 203.267 203.733 204.108 204.565 204.835 206.241 207.536 207.883 208.301 209.78 210.416 211.259
182.726 183.639 184.782 185.107 184.849 184.932 184.715 184.977 184.931 185.803 185.789 186.258 187.197 187.648 188.535 188.683 184.716 182.741 183.295 184.021 186.165 188.216 187.746 190.161 193.148 195.166 197.162 197.505 198.047 199.14 199.065 199.698 201.136 200.189 200.546 199.838 200.448 200.216 197.835 195.607 196.645 198.267 198.245 197.537 197.939 198.391 198.953 199.361 199.866 200.451 200.915 201.366 201.939 202.5 202.946 203.337 203.796 204.233 204.599 204.965 205.925 207.704 208.621 209.546 210.342 211.537 211.697
183.65 183.735 184.556 185.154 185.812 185.763 183.952 184.425 185.831 186.864 187.351 187.555 186.937 187.443 188.276 190.266 188.306 184.386 183.54 184 184.642 185.405 189.477 194.715 194.969 194.668 195.621 196.405 197.371 199.334 199.931 200.118 201.182 200.332 200.603 200.937 201.009 200.841 200.148 199.058 201.104 200.866 200.09 197.677 198.194 198.581 198.992 199.417 200.044 200.483 200.96 201.257 201.831 202.313 202.879 203.409 203.785 204.237 204.584 205.077 205.586 207.404 208.364 210.157 210.921 211.306 211.749
183.35 184.051 184.692 184.705 186.153 185.945 185.989 184.437 185.307 186.473 187.258 186.572 184.478 185.308 187.507 190.081 190.267 189.667 185.803 184.439 184.95 185.525 189.042 194.121 195.878 195.329 195.947 196.323 196.91 198.497 199.177 200.402 200.952 198.194 201.022 202.033 201.614 200.89 201.016 201.602 201.68 198.945 198.967 197.849 198.261 198.851 199.254 199.632 200.151 200.669 201.047 201.255 201.778 202.176 202.833 203.314 203.794 204.243 204.684 205.168 205.546 206.278 207.599 209.804 210.644 211.194 211.732
183.885 184.051 184.52 185.07 185.726 185.856 186.483 186.976 185.927 185.724 186.407 184.785 182.4 181.572 184.686 189.134 190.582 189.661 187.78 185.351 185.25 185.697 186.824 190.456 193.146 195.733 195.497 196.022 196.339 197.19 198.275 199.747 201.799 200.262 201.962 201.748 200.556 200.012 201.197 201.45 199.441 199.8 198.624 198.315 200.374 199.475 199.714 199.898 200.429 200.944 201.311 201.54 201.887 202.233 202.591 203.32 203.684 204.286 204.695 205.147 205.695 206.154 207.232 208.831 210.01 211.035 211.719
184.612 184.311 186.091 186.403 186.416 185.584 186.529 186.007 186.278 186.803 186.98 185.666 186.506 185.549 187.174 188.768 187.132 187.12 186.762 186.257 185.519 186.154 187.499 189.4 192.601 195.523 195.716 194.818 195.146 193.275 192.872 195.481 197.787 199.714 201.5 200.78 199.874 200.547 201.975 200.999 197.265 199.469 198.041 199.798 203.525 201.447 199.835 200.118 200.72 201.066 201.466 201.891 202.258 202.717 202.905 203.417 203.775 204.303 204.672 205.18 205.708 206.161 206.645 207.17 208.62 210.645 211.482
185.442 185.638 186.117 186.204 186.459 186.546 185.659 183.916 187.292 188.41 188.158 188.662 188.819 189.385 190.834 190.159 186.743 189.418 190.126 186.52 185.833 186.376 187.875 188.486 189.766 191.488 191.76 191.371 190.883 190.762 191.948 194.072 196.36 197.702 199.253 200.306 198.41 197.861 197.871 198.618 197.26 198.352 200.926 202.716 204.093 201.76 199.899 200.547 200.991 201.24 201.482 202.152 202.53 202.973 203.635 203.835 204.064 204.447 204.78 205.092 205.581 206.061 206.42 206.843 207.353 209.644 211.043
184.792 185.005 185.858 185.841 186.429 187.647 186.155 183.185 184.666 188.429 188.525 188.408 189.27 190.256 191.113 190.62 191.732 194.092 192.041 187.747 186.311 187.297 188.818 190.745 188.701 188.729 190.141 193.812 190.944 190.862 192.188 193.904 195.199 197.117 198.828 199.422 199.958 197.052 195.981 196.629 196.908 198.549 203.801 205.105 203.442 201.499 200.179 200.773 201.016 201.387 201.709 202.251 202.736 203.414 205.292 207.176 204.786 204.683 205.075 205.279 205.665 205.995 206.365 206.714 207.253 208.015 208.766
185.087 184.947 185.349 185.63 186.483 187.249 186.976 187.734 186.18 188.544 189.386 188.108 189.045 190.546 190.995 190.818 191.978 193.883 192.249 190.633 189.428 188.23 191.072 193.029 190.367 191.311 191.836 192.333 191.147 191.152 191.863 192.398 193.045 195.046 197.909 199.544 199.934 197.573 196.511 196.812 197.182 202.202 205.974 205.587 203.536 200.748 200.523 200.871 201.081 201.314 201.825 202.309 202.972 203.583 206.854 208.762 206.49 206.559 206.53 207.776 206.732 206.385 206.429 206.802 207.163 207.479 207.923
187.417 186.657 185.603 185.118 185.594 186.059 186.463 186.445 183.905 186.781 188.59 188.856 188.753 190.096 190.562 190.715 191.757 192.79 191.962 192.811 193.726 194.113 195.737 195.65 195.22 193.884 192.934 191.994 190.873 191.312 192.577 193.103 193.273 193.751 195.374 197.52 197.934 198.883 200.357 197.401 199.011 205.292 207.914 206.146 203.034 199.997 200.616 200.911 201.193 201.499 201.912 202.674 203.243 206.183 207.495 206.537 209.246 210.911 212.161 212.754 211.196 207.939 206.728 206.961 207.339 207.58 207.906
187.71 187.666 186.437 185.271 185.659 185.815 186.922 187.607 188.195 184.163 186.293 188.004 189.433 190.656 191.319 191.964 192.435 192.556 192.101 193.375 193.684 194.139 195.769 196.16 196.35 194.586 193.625 191.478 191.139 192.148 196.568 196.479 195.265 194.382 194.383 195.005 195.624 199.265 198.65 200.269 202.33 204.67 206.148 203.268 201.764 200.49 200.522 200.924 201.225 201.685 202.015 204.154 207.171 210.936 210.426 208.527 209.926 211.31 213.289 213.408 213.812 210.245 206.832 208.238 209.462 208.722 208.079
